7 2 10 9 1 8 G 10 10 8 2 9 1 5 G 7 2
10 7 1 10 10 10 10 10 10 9 1 10 6 2
10 10 10 7 2 9 1 9 1 8 G 10 5 5 10 8 1
10 10 9 G 9 1 9 1 9 1 10 8 G 8 1 7 3 9
10 7 2 9 1 10 8 2 10 7 3 8 2 10 7 G
10 10 9 1 10 9 G 9 1 7 2 10 10 9 G

10 7 3 9 1 10 8 2 10 6 2 8 2 9 G 10 9 G
9 1 10 8 2 8 1 8 2 9 1 8 2 10 10 7 3 10
8 2 10 8 2 10 7 3 8 2 6 3 8 1 10 10 10 10
10 10 10 9 1 10 10 10 6 4 6 4 6 4 8
8 2 10 9 1 6 4 6 2 8 1 G 10 9 1 9 1 10 9
8 2 9 1 7 3 9 1 9 1 10 8 2 8 2 7 3 8 2 9

9 G 10 10 9 1 10 8 2 10 10 6 3 6 4 10
7 1 7 3 8 2 10 9 1 10 9 1 9 1 10 9 1 9
10 9 1 6 2 9 1 8 1 10 7 G 10 6 2 8 1
10 9 1 7 2 8 1 7 2 8 2 9 1 8 2 10 7 1
6 2 8 G 9 1 7 2 7 3 10 9 G 10 8 1 10 10 7
10 8 2 10 9 1 91 10 10 9 1 10 8 G

8 2 6 3 8 2 6 4 9 1 10 8 1 6 1 9 1 7 3 9
6 2 7 2 6 3 9 G 10 6 4 8 2 7 2 9 1 10 9 G
10 8 2 9 1 8 2 10 7 2 10 9 1 10 10 10 8
6 3 10 9 1 8 2 10 10 6 3 10 9 1 10 10 10
10 9 G 6 2 9 1 7 1 9 1 9 1 7 3 6 3 9 1 9
9 1 10 7 3 8 2 10 7 1 10 5 5 10 9 1 9